Webots Project File version 8.6
perspectives: 000000ff00000000fd00000003000000000000000000000000fc0100000002fc00000000ffffffff0000000000fffffffc0200000001fb00000012005300630065006e006500540072006500650100000017000004330000000000000000fb0000001a0044006f00630075006d0065006e0074006100740069006f006e0000000000ffffffff0000004e00ffffff000000010000017f000001fafc0200000001fb0000001400540065007800740045006400690074006f00720100000000000001fa000000aa00ffffff00000003000004d7000000defc0100000001fb0000000e0043006f006e0073006f006c00650100000000000004d70000004f00ffffff00000352000001fa00000004000000040000000100000008fc00000000
simulationViewPerspectives: 000000ff0000000100000002000000e9000001f60100000006010000000101
sceneTreePerspectives: 000000ff0000000100000002000000c0000001120100000006010000000201
minimizedPerspectives: 
maximizedDockId: -1
centralWidgetVisible: 1
orthographicViewHeight: 1
textFiles: 1 "controllers/walk/main.cpp" "controllers/walk/Walk.cpp" "controllers/walk/Walk.hpp" "controllers/walk/config.ini" "../../../../Applications/Webots.app/projects/robots/robotis/transfer/src/Keyboard.cpp"
documentationBook: 
documentationPage: 
renderingDevicePerspectives: 61;1;0.74375;0.0474632;0.0493274
