Webots Project File version 8.6
perspectives: 000000ff00000000fd00000003000000000000000000000000fc0100000002fc00000000ffffffff0000000000fffffffc0200000001fb00000012005300630065006e006500540072006500650100000017000004330000000000000000fb0000001a0044006f00630075006d0065006e0074006100740069006f006e0000000000ffffffff0000004e00ffffff00000001000002610000020afc0200000001fb0000001400540065007800740045006400690074006f007201000000000000020a000000aa00ffffff00000003000004d9000000cefc0100000001fb0000000e0043006f006e0073006f006c00650100000000000004d90000004f00ffffff000002720000020a00000004000000040000000100000008fc00000000
simulationViewPerspectives: 000000ff00000001000000020000004f000002cf0100000006010000000101
sceneTreePerspectives: 000000ff0000000100000002000000c0000001120100000006010000000201
minimizedPerspectives: 
maximizedDockId: -1
centralWidgetVisible: 1
orthographicViewHeight: 1
textFiles: 2 "controllers/walk/main.cpp" "controllers/walk/Walk.hpp" "controllers/walk/Walk.cpp"
documentationBook: 
documentationPage: 
renderingDevicePerspectives: 61;1;0.30625;0.0221811;0.0194805
